         2  0.000002  0.000000  0.000001  0.000000  0.000000  0.000000
         4  0.000000  0.000001  0.000001  0.000000  0.000001  0.000000
         8  0.000002  0.000000  0.000000  0.000001  0.000001  0.000001
        16  0.000001  0.000000  0.000001  0.000001  0.000000  0.000002
        32  0.000002  0.000002  0.000001  0.000001  0.000001  0.000002
        64  0.000002  0.000009  0.000004  0.000002  0.000001  0.000003
       128  0.000005  0.000025  0.000012  0.000008  0.000008  0.000006
       256  0.000017  0.000091  0.000044  0.000018  0.000011  0.000012
       512  0.000055  0.000361  0.000175  0.000038  0.000024  0.000025
      1024  0.000198  0.001329  0.000692  0.000085  0.000049  0.000054
      2048  0.000810  0.004565  0.002268  0.000141  0.000094  0.000087
      4096  0.002547  0.015066  0.009621  0.000316  0.000178  0.000180
      8192  0.009766  0.076009  0.035146  0.000842  0.000507  0.000505
     16384  0.038876  0.345429  0.145851  0.001398  0.000833  0.000841
     32768  0.166692  1.500174  0.579565  0.004547  0.002289  0.002325
     65536  0.000000  0.000000  0.000000  0.007904  0.005616  0.004777
    131072  0.000000  0.000000  0.000000  0.015106  0.010290  0.007917
    262144  0.000000  0.000000  0.000000  0.030803  0.019866  0.016456
    524288  0.000000  0.000000  0.000000  0.075071  0.040180  0.038155
   1048576  0.000000  0.000000  0.000000  0.162250  0.082498  0.071016
   2097152  0.000000  0.000000  0.000000  0.381370  0.164266  0.164660
   4194304  0.000000  0.000000  0.000000  0.947249  0.358626  0.330389
   8388608  0.000000  0.000000  0.000000  2.240123  0.726826  0.719533
